//camera.parameters are ignored when useopencvdistortion is 1, they are set if the PTAM calibration is used...
Camera.Parameters=[ 0.832422 1.12019 0.498429 0.542241 -0.0819466 ]
Camera.UseOpenCVDistortion=1
Camera.OpenCVParameters=[ 5.6607770743273556e+002 5.6522291146444695e+002 3.1851672613539148e+002 2.3459000319831983e+002 9.0599895199663355e-002 -1.9908090135221393e-001 -4.2901999597353526e-003 1.7132131121062102e-004 1.3684941783840163e-001 ]
//opencv params: camera_matrix[0] camera_matrix[4] camera_matrix[2] camera_matrix[5] distortion_coefficients