Camera.Parameters=[ 0.832422 1.12019 0.498429 0.542241 -0.0819466 ]
Camera.UseOpenCVDistortion=1
Camera.OpenCVParameters=[ 5.9069597579533615e+002 5.9243594060213172e+002 3.2438369713418570e+002 2.2982958600244905e+002 2.1072856838114473e-001 -9.4585861820700989e-001 -1.8222295787729444e-003 1.2940413740225769e-003 1.0684050795940137e+000 ]
//opencv params: camera_matrix[0] camera_matrix[4] camera_matrix[2] camera_matrix[5] distortion_coefficients