Camera.Parameters=[ 0.832422 1.12019 0.498429 0.542241 -0.0819466 ]
Camera.UseOpenCVDistortion=1
Camera.OpenCVParameters=[ 6.7514803925708327e+002 6.9121842455294234e+002 2.9592885321716204e+002 1.8218731281665583e+002 8.0917130424829398e-002 -3.5565748668653979e-001 -7.2738622064946459e-003 3.5827466200603086e-003 7.3943658257760225e-001 ]
//opencv params: camera_matrix[0] camera_matrix[4] camera_matrix[2] camera_matrix[5] distortion_coefficients